# DESI ELG fine n(z) from official desimodel full-survey forecast target file
# n(z) is derived from forecast counts per deg^2 per dz, integrated over each fine bin
# Vz uses Planck 2018 fiducial with Mnu=0.06 eV and area=14000 deg^2
# z_min z_max nz[(h^-1 Mpc)^-3] Vz[(h^-1 Mpc)^3]
0.800 0.810 1.072294650642696733e-03 3.063640917196270227e+08
0.810 0.820 1.012986735378586592e-03 3.104323414288741946e+08
0.820 0.830 9.553268169051389600e-04 3.144631828437389135e+08
0.830 0.840 8.992330868436037477e-04 3.184562301918220520e+08
0.840 0.850 8.446285511034278036e-04 3.224111308387735486e+08
0.850 0.860 8.164881969062107170e-04 3.263275640842810273e+08
0.860 0.870 8.138612615905370254e-04 3.302052399874231815e+08
0.870 0.880 8.113900701169540677e-04 3.340438982213600874e+08
0.880 0.890 8.090690126799776616e-04 3.378433069566677809e+08
0.890 0.900 8.068927625821779859e-04 3.416032617740790248e+08
0.900 0.910 8.048562588549149945e-04 3.453235846055222154e+08
0.910 0.920 8.029546901312484102e-04 3.490041227035648227e+08
0.920 0.930 8.011834796673481755e-04 3.526447476391759515e+08
0.930 0.940 7.995382714206623409e-04 3.562453543266468644e+08
0.940 0.950 7.980149170965577599e-04 3.598058600767061114e+08
0.950 0.960 7.792915166464304882e-04 3.633262036758838892e+08
0.960 0.970 7.438572232904054832e-04 3.668063444931393266e+08
0.970 0.980 7.091660246798502923e-04 3.702462616120193601e+08
0.980 0.990 6.751861972057799548e-04 3.736459529890003204e+08
0.990 1.000 6.418875922380434937e-04 3.770054346372693181e+08
1.000 1.010 6.092415428995199937e-04 3.803247398350673914e+08
1.010 1.020 5.772207772214979146e-04 3.836039183582760096e+08
1.020 1.030 5.457993371843881817e-04 3.868430357375973463e+08
1.030 1.040 5.149525031942468484e-04 3.900421725384133458e+08
1.040 1.050 4.846567235801311721e-04 3.932014236638805866e+08
1.050 1.060 4.667406497675918842e-04 3.963208976807306409e+08
1.060 1.070 4.609087176074813034e-04 3.994007161668655872e+08
1.070 1.080 4.552107378371443016e-04 4.024410130797916651e+08
1.080 1.090 4.496418691455965040e-04 4.054419341472601891e+08
1.090 1.100 4.441974840222098070e-04 4.084036362774839401e+08
1.100 1.110 4.388731574181868817e-04 4.113262869890421033e+08
1.110 1.120 4.336646561056825880e-04 4.142100638614310622e+08
1.120 1.130 4.285679286881019837e-04 4.170551540035072565e+08
1.130 1.140 4.235790962146459963e-04 4.198617535409702659e+08
1.140 1.150 4.186944433583743731e-04 4.226300671215761900e+08
1.150 1.160 4.154143508691239203e-04 4.253603074383202195e+08
1.160 1.170 4.137070275787907338e-04 4.280526947690151334e+08
1.170 1.180 4.120570408240750932e-04 4.307074565333122015e+08
1.180 1.190 4.104626852026994313e-04 4.333248268649457097e+08
1.190 1.200 4.089223227712891198e-04 4.359050462003676891e+08
1.200 1.210 4.074343798217691724e-04 4.384483608823716044e+08
1.210 1.220 4.059973438378978333e-04 4.409550227783263326e+08
1.220 1.230 4.046097606197841725e-04 4.434252889133276343e+08
1.230 1.240 4.032702315669661297e-04 4.458594211165388227e+08
1.240 1.250 4.019774111088884449e-04 4.482576856816711426e+08
1.250 1.260 3.887715264700298385e-04 4.506203530404027700e+08
1.260 1.270 3.638356668073625968e-04 4.529476974483564496e+08
1.270 1.280 3.391808577340271573e-04 4.552399966836129427e+08
1.280 1.290 3.147970154437158201e-04 4.574975317570460439e+08
1.290 1.300 2.906744367667094854e-04 4.597205866342977285e+08
1.300 1.310 2.668037818924137976e-04 4.619094479690773487e+08
1.310 1.320 2.431760580025244184e-04 4.640644048470292687e+08
1.320 1.330 2.197826037600426842e-04 4.661857485401984453e+08
1.330 1.340 1.966150746032388702e-04 4.682737722719548345e+08
1.340 1.350 1.736654287975521107e-04 4.703287709910803437e+08
1.350 1.360 1.614913829622392479e-04 4.723510411563447714e+08
1.360 1.370 1.599524969370700418e-04 4.743408805293110609e+08
1.370 1.380 1.584371558197771263e-04 4.762985879766213298e+08
1.380 1.390 1.569446666219706304e-04 4.782244632802635431e+08
1.390 1.400 1.554743601756910934e-04 4.801188069572321773e+08
1.400 1.410 1.540255901441035238e-04 4.819819200857244730e+08
1.410 1.420 1.525977320796596999e-04 4.838141041404954195e+08
1.420 1.430 1.511901825278368333e-04 4.856156608348159194e+08
1.430 1.440 1.498023581736965260e-04 4.873868919695812464e+08
1.440 1.450 1.484336950287714675e-04 4.891280992898480892e+08
1.450 1.460 1.456699532189972151e-04 4.908395843479104042e+08
1.460 1.470 1.415250893037057719e-04 4.925216483729658723e+08
1.470 1.480 1.374165372506178952e-04 4.941745921463845968e+08
1.480 1.490 1.333431292014892837e-04 4.957987158835505247e+08
1.490 1.500 1.293037349592039481e-04 4.973943191222177744e+08
1.500 1.510 1.252972605171682118e-04 4.989617006145707965e+08
1.510 1.520 1.213226466552859743e-04 5.005011582258267403e+08
1.520 1.530 1.173788675991560245e-04 5.020129888390339017e+08
1.530 1.540 1.134649297400309591e-04 5.034974882625628114e+08
1.540 1.550 1.095798704115043764e-04 5.049549511438806057e+08
1.550 1.560 1.042861089993909991e-04 5.063856708883701563e+08
1.560 1.570 9.759466020714915088e-05 5.077899395807763934e+08
1.570 1.580 9.094479148842035199e-05 5.091680479127935171e+08
1.580 1.590 8.433509606855934214e-05 5.105202851135007143e+08
1.590 1.600 7.776420958322933466e-05 5.118469388851057887e+08
