# DESI QSO fine n(z) from official desimodel full-survey forecast target file
# n(z) is derived from forecast counts per deg^2 per dz, integrated over each fine bin
# Vz uses Planck 2018 fiducial with Mnu=0.06 eV and area=14000 deg^2
# z_min z_max nz[(h^-1 Mpc)^-3] Vz[(h^-1 Mpc)^3]
0.800 0.820 2.788428446676377996e-05 6.167964331485011578e+08
0.820 0.840 2.862210408706506235e-05 6.329194130355609655e+08
0.840 0.860 2.914501547795057232e-05 6.487386949230545759e+08
0.860 0.880 2.933273610142590675e-05 6.642491382087832689e+08
0.880 0.900 2.947285551251849163e-05 6.794465687307468653e+08
0.900 0.920 2.962033086708211246e-05 6.943277073090870380e+08
0.920 0.940 2.962496660873134276e-05 7.088901019658228159e+08
0.940 0.960 2.988625391389332717e-05 7.231320637525900602e+08
0.960 0.980 2.971421228983872699e-05 7.370526061051588058e+08
0.980 1.000 2.951357475358143900e-05 7.506513876262695789e+08
1.000 1.020 2.933241715473943511e-05 7.639286581933434010e+08
1.020 1.040 2.916948613923974907e-05 7.768852082760106325e+08
1.040 1.060 2.905961517082068701e-05 7.895223213446111679e+08
1.060 1.080 2.917372368363168702e-05 8.018417292466572523e+08
1.080 1.100 2.932994751644298146e-05 8.138455704247441292e+08
1.100 1.120 2.949280993134276930e-05 8.255363508504732847e+08
1.120 1.140 2.951312343834397507e-05 8.369169075444775820e+08
1.140 1.160 2.987117467772392425e-05 8.479903745598964691e+08
1.160 1.180 3.028067076479011474e-05 8.587601513023272753e+08
1.180 1.200 3.072264729850169321e-05 8.692298730653134584e+08
1.200 1.220 3.116459718567690808e-05 8.794033836606980562e+08
1.220 1.240 3.160681984351542507e-05 8.892847100298665762e+08
1.240 1.260 3.199945913150768452e-05 8.988780387220737934e+08
1.260 1.280 3.210112741305255779e-05 9.081876941319693327e+08
1.280 1.300 3.216237666132777348e-05 9.172181183913438320e+08
1.300 1.320 3.223199038885168248e-05 9.259738528161065578e+08
1.320 1.340 3.230963500490241210e-05 9.344595208121533394e+08
1.340 1.360 3.234719404580596071e-05 9.426798121474251747e+08
1.360 1.380 3.195348921051779586e-05 9.506394685059323311e+08
1.380 1.400 3.184557145064885610e-05 9.583432702374957800e+08
1.400 1.420 3.159038861341415428e-05 9.657960242262197733e+08
1.420 1.440 3.134704454647838675e-05 9.730025528043972254e+08
1.440 1.460 3.112287653780490207e-05 9.799676836377584934e+08
1.460 1.480 3.095579017593063910e-05 9.866962405193504095e+08
1.480 1.500 3.080582753856998503e-05 9.931930350057681799e+08
1.500 1.520 3.066477622235562109e-05 9.994628588403975964e+08
1.520 1.540 3.053222931837696897e-05 1.005510477101596713e+09
1.540 1.560 3.041549363396940347e-05 1.011340622032250762e+09
1.560 1.580 3.035156035036475655e-05 1.016957987493569970e+09
1.580 1.600 3.030195167058564532e-05 1.022367223998606563e+09
1.600 1.620 3.025885720970228283e-05 1.027572934288700938e+09
1.620 1.640 3.007138811670395073e-05 1.032579669401707649e+09
1.640 1.660 3.017515854874954658e-05 1.037391925203117371e+09
1.660 1.680 3.003999918852641782e-05 1.042014139339664698e+09
1.680 1.700 2.989575363798967539e-05 1.046450688583486676e+09
1.700 1.720 2.975786132050540044e-05 1.050705886536658168e+09
1.720 1.740 2.962605489208814589e-05 1.054783981668171406e+09
1.740 1.760 2.948437259721129125e-05 1.058689155652880192e+09
1.760 1.780 2.925601827757660163e-05 1.062425521989769816e+09
1.780 1.800 2.901845767493785400e-05 1.065997124878651738e+09
1.800 1.820 2.878681119387202855e-05 1.069407938328713894e+09
1.820 1.840 2.856081432159886496e-05 1.072661865482189059e+09
1.840 1.860 2.833740154078929327e-05 1.075762738133102655e+09
1.860 1.880 2.796318500709158938e-05 1.078714316425218344e+09
1.880 1.900 2.787008941739969561e-05 1.081520288710612535e+09
1.900 1.920 2.764240100078503443e-05 1.084184271556062937e+09
1.920 1.940 2.741932148040230612e-05 1.086709809883286715e+09
1.940 1.960 2.719787356272131262e-05 1.089100377229378462e+09
1.960 1.980 2.696431514774577811e-05 1.091359376114431381e+09
1.980 2.000 2.673214867473525043e-05 1.093490138509660482e+09
2.000 2.020 2.650390846518649394e-05 1.095495926391350508e+09
2.020 2.040 2.627941855530751953e-05 1.097379932374350548e+09
2.040 2.060 2.604129435668984765e-05 1.099145280412566423e+09
2.060 2.080 2.570519576953058332e-05 1.100795026565403700e+09
2.080 2.100 2.535586627234704828e-05 1.102332159815471649e+09
