# DESI LRG fine n(z) from official desimodel full-survey forecast target file
# n(z) is derived from forecast counts per deg^2 per dz, integrated over each fine bin
# Vz uses Planck 2018 fiducial with Mnu=0.06 eV and area=14000 deg^2
# z_min z_max nz[(h^-1 Mpc)^-3] Vz[(h^-1 Mpc)^3]
0.400 0.410 5.249065943425835091e-04 1.230085517993165851e+08
0.410 0.420 5.564969103851279261e-04 1.276988221746126562e+08
0.420 0.430 5.857508604873147649e-04 1.324112438101501912e+08
0.430 0.440 6.129083473356177402e-04 1.371428540097248852e+08
0.440 0.450 6.381809738127075743e-04 1.418907860242238343e+08
0.450 0.460 6.395605159863494140e-04 1.466522676987638772e+08
0.460 0.470 6.193114432974675208e-04 1.514246200597746372e+08
0.470 0.480 6.002678942609869072e-04 1.562052558473536670e+08
0.480 0.490 5.823344483722294254e-04 1.609916779988668263e+08
0.490 0.500 5.654250467578874262e-04 1.657814780888676643e+08
0.500 0.510 5.494619051096201771e-04 1.705723347304514647e+08
0.510 0.520 5.343745715597456080e-04 1.753620119431760907e+08
0.520 0.530 5.200991077824188361e-04 1.801483574918698072e+08
0.530 0.540 5.065773751994744880e-04 1.849293012012252510e+08
0.540 0.550 4.937564111202587475e-04 1.897028532499931157e+08
0.550 0.560 4.942224098039375282e-04 1.944671024491116703e+08
0.560 0.570 5.070268609521313584e-04 1.992202145075802505e+08
0.570 0.580 5.192673885307681194e-04 2.039604302893991172e+08
0.580 0.590 5.309889785706022958e-04 2.086860640653652251e+08
0.590 0.600 5.422326105480018265e-04 2.133955017626953125e+08
0.600 0.610 5.530356684563312013e-04 2.180871992156326473e+08
0.610 0.620 5.634323041026954946e-04 2.227596804195833206e+08
0.620 0.630 5.734537588249646965e-04 2.274115357918344438e+08
0.630 0.640 5.831286489406318401e-04 2.320414204409304559e+08
0.640 0.650 5.924832194899653593e-04 2.366480524472626746e+08
0.650 0.660 5.898763646464218104e-04 2.412302111566686332e+08
0.660 0.670 5.759790076468913759e-04 2.457867354894535840e+08
0.670 0.680 5.626476379783895134e-04 2.503165222660971880e+08
0.680 0.690 5.498501345083929787e-04 2.548185245517038703e+08
0.690 0.700 5.375566325920883189e-04 2.592917500206025541e+08
0.700 0.710 5.257393355213292553e-04 2.637352593419547081e+08
0.710 0.720 5.143723441532700377e-04 2.681481645888910890e+08
0.720 0.730 5.034315027426281659e-04 2.725296276703730226e+08
0.730 0.740 4.928942592328180603e-04 2.768788587889041305e+08
0.740 0.750 4.827395384774030621e-04 2.811951149229081869e+08
0.750 0.760 4.692450611052650781e-04 2.854776983362526298e+08
0.760 0.770 4.525552429301204571e-04 2.897259551144599915e+08
0.770 0.780 4.363996630077791785e-04 2.939392737287685275e+08
0.780 0.790 4.207507952025088299e-04 2.981170836281247139e+08
0.790 0.800 4.055828255630469412e-04 3.022588538599993587e+08
0.800 0.810 3.908715258626873712e-04 3.063640917196270227e+08
0.810 0.820 3.765941379106365846e-04 3.104323414288741946e+08
0.820 0.830 3.627292675997243919e-04 3.144631828437389135e+08
0.830 0.840 3.492567877632440053e-04 3.184562301918220520e+08
0.840 0.850 3.361577490145208850e-04 3.224111308387735486e+08
0.850 0.860 3.189310725008479355e-04 3.263275640842810273e+08
0.860 0.870 2.977178678440532624e-04 3.302052399874231815e+08
0.870 0.880 2.770294577830214851e-04 3.340438982213600874e+08
0.880 0.890 2.568409621064959673e-04 3.378433069566677809e+08
0.890 0.900 2.371288833113186986e-04 3.416032617740790248e+08
0.900 0.910 2.178710153432970420e-04 3.453235846055222154e+08
0.910 0.920 1.990463592861251344e-04 3.490041227035648227e+08
0.920 0.930 1.806350454003380107e-04 3.526447476391759515e+08
0.930 0.940 1.626182609721140977e-04 3.562453543266468644e+08
0.940 0.950 1.449781834817084306e-04 3.598058600767061114e+08
0.950 0.960 1.305493507490259198e-04 3.633262036758838892e+08
0.960 0.970 1.192345788359542154e-04 3.668063444931393266e+08
0.970 0.980 1.081442384473112666e-04 3.702462616120193601e+08
0.980 0.990 9.726854983778224250e-05 3.736459529890003204e+08
0.990 1.000 8.659822114078657724e-05 3.770054346372693181e+08
1.000 1.010 7.612441939105095889e-05 3.803247398350673914e+08
1.010 1.020 6.583874353548439145e-05 3.836039183582760096e+08
1.020 1.030 5.573319927781345158e-05 3.868430357375973463e+08
1.030 1.040 4.580017561623774046e-05 3.900421725384133458e+08
1.040 1.050 3.603242294491240628e-05 3.932014236638805866e+08
1.050 1.060 2.965526185668557256e-05 3.963208976807306409e+08
1.060 1.070 2.658733339767565900e-05 3.994007161668655872e+08
1.070 1.080 2.356867141202236276e-05 4.024410130797916651e+08
1.080 1.090 2.059727743151001220e-05 4.054419341472601891e+08
1.090 1.100 1.767124324793172287e-05 4.084036362774839401e+08
