# z_min z_max nz[(h^-1 Mpc)^-3] Vz[(h^-1 Mpc)^3]
0.700 0.725 3.284195521614234506e-04 5.722307580733930320e+07
0.725 0.750 3.789559825842654097e-04 5.956152630210177600e+07
0.750 0.775 4.372688403941929177e-04 6.185561412755993009e+07
0.775 0.800 5.045547439989704445e-04 6.410314563131723553e+07
0.800 0.825 5.821944446404399894e-04 6.630227335093735904e+07
0.825 0.850 6.717811603231739915e-04 6.845146745762948692e+07
0.850 0.875 7.751532697016106505e-04 7.054948871900743246e+07
0.875 0.900 8.944320368258618223e-04 7.259536299487130344e+07
0.900 0.925 9.616581551598732316e-04 7.458835726317565143e+07
0.925 0.950 9.634023487520640416e-04 7.652795715586046875e+07
0.950 0.975 9.651497058501957819e-04 7.841384597237087786e+07
0.975 1.000 9.669002321920316901e-04 8.024588512900599837e+07
1.000 1.025 9.686539335257408510e-04 8.202409599335791171e+07
1.025 1.050 9.704108156099208564e-04 8.374864304823984206e+07
1.050 1.075 9.721708842136109240e-04 8.541981832494677603e+07
1.075 1.100 9.739341451163148825e-04 8.703802704261569679e+07
1.100 1.125 9.508120576190815876e-04 8.860377439015258849e+07
1.125 1.150 9.045610343081544229e-04 9.011765338492467999e+07
1.150 1.175 8.605598322317881479e-04 9.158033374444074929e+07
1.175 1.200 8.186990117446487540e-04 9.299255170663367212e+07
1.200 1.225 7.788744567514634034e-04 9.435510073852422833e+07
1.225 1.250 7.409871157498095027e-04 9.566882306995072961e+07
1.250 1.275 7.049427554695457138e-04 9.693460199860051274e+07
1.275 1.300 6.706517264961275523e-04 9.815335490710605681e+07
1.300 1.325 6.279728010503652248e-04 9.932602694270569086e+07
1.325 1.350 5.787422820618687985e-04 1.004535853063038588e+08
1.350 1.375 5.333712359610872982e-04 1.015370141068747938e+08
1.375 1.400 4.915570957372118830e-04 1.025773097337688059e+08
1.400 1.425 4.530210144051158923e-04 1.035754767071456313e+08
1.425 1.450 4.175060054516145799e-04 1.045325239661642313e+08
1.450 1.475 3.847752290631822284e-04 1.054494615592906475e+08
1.475 1.500 3.546104127064638877e-04 1.063272977014160156e+08
1.500 1.525 3.026006292872132500e-04 1.071670361678128839e+08
1.525 1.550 2.390903974556003763e-04 1.079696739943129271e+08
1.550 1.575 1.889097795008861649e-04 1.087361994557960629e+08
1.575 1.600 1.492611379246236870e-04 1.094675903009007126e+08
1.600 1.625 1.179340071933597447e-04 1.101648122156518698e+08
1.625 1.650 9.318185728764282632e-05 1.108288174975649267e+08
1.650 1.675 7.362472228505361068e-05 1.114605439198828191e+08
1.675 1.700 5.817226538872716652e-05 1.120609137660733610e+08
1.700 1.725 4.596299117237551677e-05 1.126308330210517198e+08
1.725 1.750 3.631621604203930239e-05 1.131711907014465481e+08
1.750 1.775 2.869411920268442914e-05 1.136828583112170398e+08
1.775 1.800 2.267175841956552617e-05 1.141666894105019420e+08
1.800 1.825 1.908227610846194506e-05 1.146235192867596000e+08
1.825 1.850 1.710912537841031945e-05 1.150541647159189135e+08
1.850 1.875 1.534000291948183446e-05 1.154594238024931252e+08
1.875 1.900 1.375381174461735379e-05 1.158400758957583606e+08
1.900 1.925 1.233163634318033758e-05 1.161968815673024058e+08
1.925 1.950 1.105651711133527244e-05 1.165305826438205242e+08
1.950 1.975 9.913248106838223834e-06 1.168419022942421436e+08
1.975 2.000 8.888195716441421061e-06 1.171315451564405859e+08
2.000 2.025 7.969136073500762018e-06 1.174001975047339201e+08
2.025 2.050 7.145109286972118126e-06 1.176485274499492496e+08
2.050 2.075 6.406288743460745590e-06 1.178771851698731035e+08
2.075 2.100 5.743863923736243440e-06 1.180868031613053828e+08
2.100 2.125 5.149935336285862488e-06 1.182779965173182636e+08
2.125 2.150 4.617420314977415707e-06 1.184513632212938964e+08
2.150 2.175 4.139968557458174878e-06 1.186074844527781159e+08
2.175 2.200 3.711886397074961655e-06 1.187469249101957828e+08
