# z_min z_max nz[(h^-1 Mpc)^-3] Vz[(h^-1 Mpc)^3]
0.700 0.725 2.999999999999999737e-04 5.722307580733930320e+07
0.725 0.750 2.999999999999999737e-04 5.956152630210177600e+07
0.750 0.775 2.999999999999999737e-04 6.185561412755993009e+07
0.775 0.800 2.999999999999999737e-04 6.410314563131723553e+07
0.800 0.825 5.999999999999999474e-04 6.630227335093735904e+07
0.825 0.850 5.999999999999999474e-04 6.845146745762948692e+07
0.850 0.875 5.999999999999999474e-04 7.054948871900743246e+07
0.875 0.900 5.999999999999999474e-04 7.259536299487130344e+07
0.900 0.925 5.999999999999999474e-04 7.458835726317565143e+07
0.925 0.950 5.999999999999999474e-04 7.652795715586046875e+07
0.950 0.975 5.999999999999999474e-04 7.841384597237087786e+07
0.975 1.000 5.999999999999999474e-04 8.024588512900599837e+07
1.000 1.025 8.000000000000000383e-04 8.202409599335791171e+07
1.025 1.050 8.000000000000000383e-04 8.374864304823984206e+07
1.050 1.075 8.000000000000000383e-04 8.541981832494677603e+07
1.075 1.100 8.000000000000000383e-04 8.703802704261569679e+07
1.100 1.125 8.000000000000000383e-04 8.860377439015258849e+07
1.125 1.150 8.000000000000000383e-04 9.011765338492467999e+07
1.150 1.175 8.000000000000000383e-04 9.158033374444074929e+07
1.175 1.200 8.000000000000000383e-04 9.299255170663367212e+07
1.200 1.225 8.000000000000000383e-04 9.435510073852422833e+07
1.225 1.250 8.000000000000000383e-04 9.566882306995072961e+07
1.250 1.275 8.000000000000000383e-04 9.693460199860051274e+07
1.275 1.300 8.000000000000000383e-04 9.815335490710605681e+07
1.300 1.325 8.000000000000000383e-04 9.932602694270569086e+07
1.325 1.350 8.000000000000000383e-04 1.004535853063038588e+08
1.350 1.375 8.000000000000000383e-04 1.015370141068747938e+08
1.375 1.400 8.000000000000000383e-04 1.025773097337688059e+08
1.400 1.425 5.999999999999999474e-04 1.035754767071456313e+08
1.425 1.450 5.999999999999999474e-04 1.045325239661642313e+08
1.450 1.475 5.999999999999999474e-04 1.054494615592906475e+08
1.475 1.500 5.999999999999999474e-04 1.063272977014160156e+08
1.500 1.525 5.999999999999999474e-04 1.071670361678128839e+08
1.525 1.550 5.999999999999999474e-04 1.079696739943129271e+08
1.550 1.575 5.999999999999999474e-04 1.087361994557960629e+08
1.575 1.600 5.999999999999999474e-04 1.094675903009007126e+08
